     -1.978326000000     -1.895205000000     -3.613262000000     -0.125070013489
      0.007160855294      0.002226971251      0.007332657253
     -3.202393000000     -1.486795000000     -3.010061000000     -0.115806647146
      0.008384145671      0.001973270577      0.004718414172
     -4.119648000000     -2.410497000000     -2.499288000000     -0.102428894458
      0.007455708724      0.000905349623      0.001635313216
     -3.754866000000     -3.747011000000     -2.518499000000     -0.105351670975
      0.006736268064      0.001103703610      0.004004992522
     -2.523685000000     -4.168843000000     -3.069017000000     -0.113852589870
      0.006376906217      0.002824610282      0.005152150479
     -1.642635000000     -3.263582000000     -3.631758000000     -0.124768806024
      0.008574697945      0.002061332884      0.005876986274
     -1.320079000000     -0.709204000000     -4.065852000000     -0.128014842973
      0.005437366616     -0.000113102303      0.011517013025
     -2.122366000000      0.364119000000     -3.693734000000     -0.122846468127
      0.007877917574     -0.003686631012      0.011128624680
     -5.064576000000     -2.084873000000     -2.086901000000     -0.089146122862
      0.008226073343      0.000534745385     -0.002607841430
     -4.419438000000     -4.481534000000     -2.078137000000     -0.099900876395
      0.005161554705      0.001006227604      0.004803925242
     -2.264382000000     -5.222112000000     -3.041105000000     -0.109931453962
      0.005802732106      0.004420405395      0.005029414213
     -0.697046000000     -3.593522000000     -4.042131000000     -0.136373567694
      0.012803259223      0.003393843299      0.011050033264
     -3.249747000000     -0.110903000000     -3.039140000000     -0.116703320135
      0.008963504004     -0.001277192342      0.005820112369
     -4.029496000000      0.446167000000     -2.723465000000     -0.107155488588
      0.003244783057     -0.002859456790      0.001999384137
     -1.690484000000      1.753750000000     -3.762401000000     -0.110793780023
      0.004850425241     -0.007626708014      0.008094969719
      0.065247000000     -0.589026000000     -4.624250000000     -0.125589532498
      0.002349728213     -0.002429060349      0.010968487526
      0.863588000000      0.663241000000     -4.148819000000     -0.128887680985
      0.000521193327     -0.005863777167      0.011323778422
      0.105950000000      1.455886000000     -3.151055000000     -0.138245587503
     -0.001313588218     -0.012476198516      0.012055009404
      0.629464000000     -1.481302000000     -4.342302000000     -0.139474843020
      0.002671383848     -0.005121737510      0.011322473391
      0.039578000000     -0.572303000000     -5.721731000000     -0.105022618890
      0.001554384907     -0.002023678037      0.008699149446
      1.776650000000      0.336602000000     -3.650220000000     -0.145021718052
     -0.000875745455     -0.008831555021      0.013881429423
      1.127525000000      1.332347000000     -4.967468000000     -0.107602857206
      0.000531965977     -0.004508343111      0.008388044734
      0.640069000000      2.718863000000     -2.763209000000     -0.113324791373
     -0.000856117133     -0.010331031227      0.002718705201
      0.950277000000      3.597439000000     -3.525528000000     -0.095545022499
      0.001142185971     -0.007343903041      0.002865958735
      0.625307000000      2.741762000000     -1.418319000000     -0.114110048909
     -0.004770594697     -0.012173338153     -0.002146138789
     -0.091454000000      0.878064000000     -2.303069000000     -0.187226423857
     -0.010181524509     -0.020998863500      0.023594530008
      0.578748000000      3.873771000000     -0.622855000000     -0.090053250973
     -0.000847892559     -0.006976036670     -0.003225914044
      0.729226000000      5.182967000000     -1.079837000000     -0.076815477814
      0.000745676819     -0.005609918439     -0.001515476588
      0.306982000000      3.576766000000      0.714767000000     -0.084993465263
     -0.001485070580     -0.005836488442     -0.003902329905
      0.568171000000      6.219345000000     -0.163865000000     -0.064619729396
      0.000321723109     -0.004133960504     -0.001415525766
      0.959912000000      5.382056000000     -2.115601000000     -0.076671660526
      0.001055275504     -0.005853675780     -0.000068317492
      0.153178000000      4.612002000000      1.623636000000     -0.071770114862
     -0.000488255804     -0.004160313771     -0.001334160696
      0.198161000000      2.540337000000      1.008995000000     -0.095415807544
     -0.001227516388     -0.007598127942     -0.007933047740
      0.277140000000      5.923313000000      1.165958000000     -0.062877617656
      0.000020245286     -0.003857193994     -0.001520650793
      0.666501000000      7.253240000000     -0.469137000000     -0.057886471832
      0.000262014632     -0.003501146554     -0.000943801291
     -0.067291000000      4.418870000000      2.663722000000     -0.072711429733
     -0.000262219128     -0.003743493032      0.000587235021
      0.092968000000      7.023885000000      2.117029000000     -0.052871280059
      0.000105726070     -0.003168117192     -0.001534520069
     -0.137871000000      6.732361000000      3.291766000000     -0.050674704254
      0.000040011196     -0.003682793136     -0.002295087831
      0.173749000000      8.174421000000      1.686318000000     -0.048027836773
      0.000185628068     -0.002444977476     -0.001260006469
     -1.435434000000      2.262326000000     -5.168268000000     -0.089464456018
      0.002275876489     -0.004435047856      0.005349026440
     -2.234009000000      2.746293000000     -2.783479000000     -0.099671393217
      0.005358234389     -0.008843158236      0.002927049174
     -2.389376000000      4.096062000000     -3.145428000000     -0.079327754346
      0.002673245342     -0.005590377822      0.001295237231
     -2.477539000000      2.377424000000     -1.446066000000     -0.105705738302
      0.010616866695     -0.011554088767     -0.002160960315
     -2.781276000000      5.046727000000     -2.205736000000     -0.069257881705
      0.002192926496     -0.004390987927     -0.000241996616
     -2.198804000000      4.415515000000     -4.162356000000     -0.073865928134
      0.001912369860     -0.004532726209      0.001954156413
     -2.844579000000      3.337320000000     -0.506885000000     -0.078681957485
      0.006862352666     -0.004615973061     -0.004133196355
     -2.301712000000      1.357147000000     -1.131322000000     -0.138807987451
      0.024332817727     -0.018991212888     -0.004416477662
     -3.001575000000      4.672427000000     -0.880823000000     -0.068683799583
      0.002973113437     -0.003874133425     -0.001787775447
     -2.895916000000      6.083136000000     -2.507687000000     -0.061274234497
      0.001499177299     -0.003485180134     -0.000016792525
     -2.968424000000      3.045650000000      0.531207000000     -0.069878966403
      0.009727970375     -0.001337854257     -0.003659335001
     -3.275513000000      5.418558000000     -0.141029000000     -0.060263478505
      0.002236496078     -0.002804483928     -0.001700857717
     -1.064482000000      1.465432000000     -5.811393000000     -0.089786825405
      0.001915640571     -0.003292119779      0.006022543886
     -2.400083000000      2.579455000000     -5.580492000000     -0.079375647252
      0.002180597414     -0.003488094241      0.004014154214
     -0.744492000000      3.106418000000     -5.192311000000     -0.084380722815
      0.001540427926     -0.004669508162      0.004375825838
