     -2.244315000000     -4.605003000000      0.530932000000     -0.121624766393
      0.003041304917      0.011073141145     -0.005137336712
     -2.665479000000     -4.110798000000      1.797310000000     -0.117041053170
      0.003990544023      0.010450385142     -0.005183259982
     -4.015777000000     -4.006891000000      2.149629000000     -0.101976899154
      0.006149214386      0.006352044743     -0.003802505509
     -4.946438000000     -4.403659000000      1.202904000000     -0.093230751409
      0.005236781231      0.004573921953     -0.002342971325
     -4.552572000000     -4.898972000000     -0.062426000000     -0.097642708988
      0.005601534078      0.005258514567     -0.002077115222
     -3.216553000000     -4.998727000000     -0.407184000000     -0.113578673159
      0.005949330968      0.010132274069     -0.003859973526
     -0.813728000000     -4.521284000000      0.494609000000     -0.124792638426
     -0.002014338341      0.011887246192     -0.004644415290
     -0.420442000000     -3.995257000000      1.716028000000     -0.121765956751
     -0.002690452015      0.010641122414     -0.006678802142
     -4.315441000000     -3.593273000000      3.106754000000     -0.095430046174
      0.006603606052      0.004527815765     -0.003994322641
     -6.004894000000     -4.316189000000      1.429742000000     -0.083082640026
      0.004543611705      0.003210574243     -0.002290384073
     -5.315852000000     -5.185153000000     -0.779234000000     -0.089528008797
      0.004975494985      0.004719117188     -0.001155219269
     -2.921829000000     -5.342314000000     -1.392903000000     -0.114027675214
      0.004446412482      0.012599658952     -0.001100665676
     -1.541255000000     -3.757611000000      2.502228000000     -0.119180137910
     -0.000523642020      0.010055395699     -0.007522130066
     -1.539688000000     -3.240451000000      3.366780000000     -0.115321292820
     -0.001768376133      0.008262702645     -0.007836676182
      0.937171000000     -3.731459000000      2.174050000000     -0.110422791412
     -0.004940471259      0.007783176872     -0.006864197023
      1.790556000000     -4.963130000000      2.377157000000     -0.087304155847
     -0.003435328028      0.004910259881     -0.003634305463
      0.051458000000     -4.660224000000     -0.724799000000     -0.122507015006
     -0.005616408386      0.011588737586     -0.001162387171
      1.525438000000     -4.233223000000     -0.569606000000     -0.112525171144
     -0.007273999394      0.008738731549      0.000938070460
      1.685087000000     -3.122836000000      0.394066000000     -0.132070352557
     -0.012247229540      0.013699299377     -0.003166411830
     -0.409341000000     -4.047799000000     -1.508608000000     -0.145913033986
     -0.010286183033      0.015664611357     -0.000180713131
      0.052869000000     -5.691171000000     -1.101914000000     -0.103172816248
     -0.003477049846      0.008815878376     -0.000275882734
      1.901567000000     -3.888842000000     -1.536856000000     -0.105866548546
     -0.008487474172      0.005664132497      0.005856599840
      2.175609000000     -5.044503000000     -0.243139000000     -0.094797674694
     -0.004375122309      0.005746748885     -0.000305004907
      3.004269000000     -2.674035000000      0.648163000000     -0.106635074834
     -0.011959247672      0.004728174710     -0.001880457750
      3.986314000000     -3.377254000000      0.638328000000     -0.086653120306
     -0.006055727863      0.001138812479     -0.000268439444
      2.913450000000     -1.376814000000      0.976857000000     -0.115419129352
     -0.017721610011      0.000728737474     -0.004700331948
      1.069062000000     -2.308756000000      0.188945000000     -0.184237063205
     -0.018002032804      0.027798124188     -0.005398395225
      3.911667000000     -0.566088000000      1.477250000000     -0.086005293669
     -0.009389252975     -0.002081176917     -0.001093453047
      5.266289000000     -0.896878000000      1.540916000000     -0.069445165286
     -0.004758382537     -0.002346535768      0.000359061727
      3.426274000000      0.675521000000      1.896791000000     -0.086328497194
     -0.007196224554     -0.003047103387     -0.002456200862
      6.148517000000      0.054310000000      2.049926000000     -0.059560656860
     -0.003597869069     -0.001447944401      0.000257546445
      5.619213000000     -1.853056000000      1.185577000000     -0.072200733674
     -0.002801534755     -0.002739494884     -0.002147190189
      4.305569000000      1.607261000000      2.423952000000     -0.072212281538
     -0.004158093431     -0.000603182923     -0.002120340418
      2.370436000000      0.887022000000      1.783339000000     -0.100906922034
     -0.008683023485     -0.006866864481     -0.004207932019
      5.659645000000      1.281059000000      2.492654000000     -0.061227462401
     -0.004200434814     -0.000239902292     -0.000752309814
      7.210751000000     -0.146782000000      2.106731000000     -0.053978374090
     -0.002685898774     -0.001647420667     -0.000205148273
      3.968285000000      2.583034000000      2.747541000000     -0.072026232897
     -0.002777535809     -0.000103001281     -0.003154824939
      6.599889000000      2.270263000000      3.023568000000     -0.052422696892
     -0.003888619635     -0.000746523078     -0.001098973973
      6.131522000000      3.270612000000      3.568117000000     -0.051959491488
     -0.003845078051     -0.001672935607     -0.002394728882
      7.803707000000      2.046190000000      2.890637000000     -0.045542649187
     -0.002595900498     -0.001277414825     -0.000018365227
      1.159460000000     -2.573969000000      3.062251000000     -0.107783106169
     -0.005502536428      0.004043547147     -0.009166937329
      2.210078000000     -2.573240000000      4.000257000000     -0.085237879980
     -0.004260900953      0.001663003367     -0.005603088314
      0.359573000000     -1.420576000000      2.927271000000     -0.124427748213
     -0.004487158568     -0.000203617400     -0.014198766573
      2.442943000000     -1.460330000000      4.799825000000     -0.077056097106
     -0.003528317849     -0.000073417980     -0.004827883654
      2.842680000000     -3.445901000000      4.113015000000     -0.076543413490
     -0.003510812160      0.001909411835     -0.004088616700
      0.600491000000     -0.313194000000      3.732851000000     -0.099796809759
     -0.002390844329     -0.004168474229     -0.008393192503
     -0.414112000000     -1.379577000000      2.169830000000     -0.154575422574
     -0.002657768209     -0.001422387734     -0.020453357146
      1.635943000000     -0.328225000000      4.668187000000     -0.081832083653
     -0.003252959639     -0.001783954040     -0.005476209932
      3.253614000000     -1.473759000000      5.521484000000     -0.066617141668
     -0.002790185907     -0.000095897679     -0.003526480071
     -0.010574000000      0.573265000000      3.617650000000     -0.090473323021
      0.004016751259     -0.008705546860     -0.004751625841
      1.822096000000      0.544857000000      5.286580000000     -0.072058915707
     -0.002431277480     -0.002086694806     -0.004052956828
      1.523492000000     -5.740330000000      1.661962000000     -0.085540135576
     -0.002814055526      0.005295055755     -0.002610190728
      1.550539000000     -5.356894000000      3.372489000000     -0.078616861011
     -0.002423989468      0.003882993537     -0.003484604467
      2.862989000000     -4.766644000000      2.326903000000     -0.081870718791
     -0.003726626414      0.003680571787     -0.003115682723
